#时间: 20240902 141218
#方向: 正向
#光源电流: 0.002930
#干涉仪温度: 28.000000
#干涉仪湿度: 59.367676
#激光波长: 790.553151
#动镜速度: 7.5k
#增益: Default
#累积帧数: 4
#校正: 功率谱
#XUnit: cm-1
4000.0000 0.149472 
4006.1479 0.150270 
4012.2957 0.130297 
4018.4436 0.101460 
4024.5914 0.071489 
4030.7393 0.044422 
4036.8871 0.020418 
4043.0350 -0.002084 
4049.1828 -0.023770 
4055.3307 -0.044329 
4061.4786 -0.063664 
4067.6264 -0.082094 
4073.7743 -0.099775 
4079.9221 -0.116771 
4086.0700 -0.133224 
4092.2178 -0.148862 
4098.3657 -0.163385 
4104.5135 -0.177091 
4110.6614 -0.189974 
4116.8093 -0.201326 
4122.9571 -0.210948 
4129.1050 -0.219543 
4135.2528 -0.227651 
4141.4007 -0.235087 
4147.5485 -0.241621 
4153.6964 -0.247402 
4159.8443 -0.252533 
4165.9921 -0.257002 
4172.1400 -0.260965 
4178.2878 -0.264612 
4184.4357 -0.267899 
4190.5835 -0.270578 
4196.7314 -0.272552 
4202.8792 -0.274039 
4209.0271 -0.275169 
4215.1750 -0.275899 
4221.3228 -0.276325 
4227.4707 -0.276526 
4233.6185 -0.276444 
4239.7664 -0.276097 
4245.9142 -0.275602 
4252.0621 -0.275231 
4258.2099 -0.275308 
4264.3578 -0.275886 
4270.5057 -0.276774 
4276.6535 -0.277686 
4282.8014 -0.278358 
4288.9492 -0.278751 
4295.0971 -0.278944 
4301.2449 -0.278894 
4307.3928 -0.278469 
4313.5406 -0.277607 
4319.6885 -0.276547 
4325.8364 -0.275815 
4331.9842 -0.275759 
4338.1321 -0.276269 
4344.2799 -0.277083 
4350.4278 -0.278176 
4356.5756 -0.279685 
4362.7235 -0.281619 
4368.8714 -0.283899 
4375.0192 -0.286360 
4381.1671 -0.288656 
4387.3149 -0.290637 
4393.4628 -0.292578 
4399.6106 -0.294770 
4405.7585 -0.297319 
4411.9063 -0.300228 
4418.0542 -0.303505 
4424.2021 -0.307291 
4430.3499 -0.311637 
4436.4978 -0.316326 
4442.6456 -0.321098 
4448.7935 -0.325704 
4454.9413 -0.329854 
4461.0892 -0.333357 
4467.2370 -0.336238 
4473.3849 -0.338661 
4479.5328 -0.340660 
4485.6806 -0.342111 
4491.8285 -0.343026 
4497.9763 -0.343531 
4504.1242 -0.343695 
4510.2720 -0.343638 
4516.4199 -0.343543 
4522.5677 -0.343475 
4528.7156 -0.343344 
4534.8635 -0.343082 
4541.0113 -0.342737 
4547.1592 -0.342309 
4553.3070 -0.341708 
4559.4549 -0.340953 
4565.6027 -0.340184 
4571.7506 -0.339534 
4577.8985 -0.339061 
4584.0463 -0.338774 
4590.1942 -0.338731 
4596.3420 -0.338974 
4602.4899 -0.339469 
4608.6377 -0.340259 
4614.7856 -0.341419 
4620.9334 -0.342884 
4627.0813 -0.344546 
4633.2292 -0.346290 
4639.3770 -0.347974 
4645.5249 -0.349493 
4651.6727 -0.350813 
4657.8206 -0.352033 
4663.9684 -0.353294 
4670.1163 -0.354566 
4676.2641 -0.355687 
4682.4120 -0.356528 
4688.5599 -0.357076 
4694.7077 -0.357430 
4700.8556 -0.357659 
4707.0034 -0.357753 
4713.1513 -0.357731 
4719.2991 -0.357673 
4725.4470 -0.357660 
4731.5948 -0.357664 
4737.7427 -0.357587 
4743.8906 -0.357468 
4750.0384 -0.357421 
4756.1863 -0.357486 
4762.3341 -0.357639 
4768.4820 -0.357828 
4774.6298 -0.357988 
4780.7777 -0.358050 
4786.9256 -0.357950 
4793.0734 -0.357730 
4799.2213 -0.357455 
4805.3691 -0.357048 
4811.5170 -0.356424 
4817.6648 -0.355628 
4823.8127 -0.354761 
4829.9605 -0.353922 
4836.1084 -0.353135 
4842.2563 -0.352410 
4848.4041 -0.351869 
4854.5520 -0.351698 
4860.6998 -0.352034 
4866.8477 -0.352917 
4872.9955 -0.354328 
4879.1434 -0.356192 
4885.2912 -0.358316 
4891.4391 -0.360522 
4897.5870 -0.362772 
4903.7348 -0.364994 
4909.8827 -0.367075 
4916.0305 -0.368963 
4922.1784 -0.370589 
4928.3262 -0.371891 
4934.4741 -0.372917 
4940.6219 -0.373760 
4946.7698 -0.374430 
4952.9177 -0.374856 
4959.0655 -0.375040 
4965.2134 -0.375011 
4971.3612 -0.374739 
4977.5091 -0.374274 
4983.6569 -0.373684 
4989.8048 -0.372953 
4995.9526 -0.372157 
5002.1005 -0.371334 
5008.2484 -0.370384 
5014.3962 -0.369350 
5020.5441 -0.368353 
5026.6919 -0.367348 
5032.8398 -0.366273 
5038.9876 -0.365130 
5045.1355 -0.363931 
5051.2834 -0.362713 
5057.4312 -0.361522 
5063.5791 -0.360346 
5069.7269 -0.359162 
5075.8748 -0.357988 
5082.0226 -0.356846 
5088.1705 -0.355678 
5094.3183 -0.354412 
5100.4662 -0.353053 
5106.6141 -0.351642 
5112.7619 -0.350225 
5118.9098 -0.348790 
5125.0576 -0.347268 
5131.2055 -0.345707 
5137.3533 -0.344222 
5143.5012 -0.342799 
5149.6490 -0.341375 
5155.7969 -0.340142 
5161.9448 -0.339454 
5168.0926 -0.339254 
5174.2405 -0.339157 
5180.3883 -0.339249 
5186.5362 -0.339793 
5192.6840 -0.340511 
5198.8319 -0.341482 
5204.9797 -0.343489 
5211.1276 -0.346475 
5217.2755 -0.349691 
5223.4233 -0.353077 
5229.5712 -0.356758 
5235.7190 -0.360525 
5241.8669 -0.364392 
5248.0147 -0.368442 
5254.1626 -0.372589 
5260.3105 -0.376904 
5266.4583 -0.381227 
5272.6062 -0.384945 
5278.7540 -0.387893 
5284.9019 -0.390535 
5291.0497 -0.393068 
5297.1976 -0.395238 
5303.3454 -0.396933 
5309.4933 -0.398128 
5315.6412 -0.398610 
5321.7890 -0.398264 
5327.9369 -0.397388 
5334.0847 -0.396586 
5340.2326 -0.396660 
5346.3804 -0.398104 
5352.5283 -0.400192 
5358.6761 -0.401634 
5364.8240 -0.401928 
5370.9719 -0.401414 
5377.1197 -0.400748 
5383.2676 -0.400456 
5389.4154 -0.400567 
5395.5633 -0.400602 
5401.7111 -0.400109 
5407.8590 -0.399431 
5414.0068 -0.399294 
5420.1547 -0.399212 
5426.3026 -0.398343 
5432.4504 -0.397296 
5438.5983 -0.397006 
5444.7461 -0.397309 
5450.8940 -0.397653 
5457.0418 -0.397676 
5463.1897 -0.397427 
5469.3376 -0.397254 
5475.4854 -0.397304 
5481.6333 -0.397337 
5487.7811 -0.397105 
5493.9290 -0.396839 
5500.0768 -0.396713 
5506.2247 -0.396514 
5512.3725 -0.396239 
5518.5204 -0.396104 
5524.6683 -0.396106 
5530.8161 -0.396025 
5536.9640 -0.395762 
5543.1118 -0.395454 
5549.2597 -0.395242 
5555.4075 -0.395101 
5561.5554 -0.394916 
5567.7032 -0.394690 
5573.8511 -0.394487 
5579.9990 -0.394291 
5586.1468 -0.394098 
5592.2947 -0.393915 
5598.4425 -0.393734 
5604.5904 -0.393571 
5610.7382 -0.393414 
5616.8861 -0.393229 
5623.0339 -0.392974 
5629.1818 -0.392596 
5635.3297 -0.392150 
5641.4775 -0.391743 
5647.6254 -0.391368 
5653.7732 -0.390942 
5659.9211 -0.390454 
5666.0689 -0.390014 
5672.2168 -0.389700 
5678.3646 -0.389428 
5684.5125 -0.389110 
5690.6604 -0.388765 
5696.8082 -0.388449 
5702.9561 -0.388175 
5709.1039 -0.387890 
5715.2518 -0.387555 
5721.3996 -0.387214 
5727.5475 -0.386907 
5733.6954 -0.386622 
5739.8432 -0.386372 
5745.9911 -0.386172 
5752.1389 -0.386025 
5758.2868 -0.385903 
5764.4346 -0.385760 
5770.5825 -0.385608 
5776.7303 -0.385505 
5782.8782 -0.385489 
5789.0261 -0.385556 
5795.1739 -0.385671 
5801.3218 -0.385819 
5807.4696 -0.385969 
5813.6175 -0.386012 
5819.7653 -0.385897 
5825.9132 -0.385725 
5832.0610 -0.385608 
5838.2089 -0.385551 
5844.3568 -0.385476 
5850.5046 -0.385359 
5856.6525 -0.385302 
5862.8003 -0.385358 
5868.9482 -0.385475 
5875.0960 -0.385639 
5881.2439 -0.385869 
5887.3917 -0.386130 
5893.5396 -0.386384 
5899.6875 -0.386627 
5905.8353 -0.386897 
5911.9832 -0.387274 
5918.1310 -0.387802 
5924.2789 -0.388417 
5930.4267 -0.388976 
5936.5746 -0.389414 
5942.7225 -0.389794 
5948.8703 -0.390156 
5955.0182 -0.390477 
5961.1660 -0.390771 
5967.3139 -0.391091 
5973.4617 -0.391471 
5979.6096 -0.391875 
5985.7574 -0.392223 
5991.9053 -0.392484 
5998.0532 -0.392649 
6004.2010 -0.392714 
6010.3489 -0.392750 
6016.4967 -0.392804 
6022.6446 -0.392864 
6028.7924 -0.392926 
6034.9403 -0.392940 
6041.0881 -0.392837 
6047.2360 -0.392622 
6053.3839 -0.392359 
6059.5317 -0.392144 
6065.6796 -0.392044 
6071.8274 -0.391981 
6077.9753 -0.391836 
6084.1231 -0.391589 
6090.2710 -0.391308 
6096.4188 -0.391047 
6102.5667 -0.390824 
6108.7146 -0.390635 
6114.8624 -0.390445 
6121.0103 -0.390174 
6127.1581 -0.389821 
6133.3060 -0.389501 
6139.4538 -0.389267 
6145.6017 -0.389065 
6151.7496 -0.388855 
6157.8974 -0.388644 
6164.0453 -0.388405 
6170.1931 -0.388094 
6176.3410 -0.387740 
6182.4888 -0.387405 
6188.6367 -0.387128 
6194.7845 -0.386927 
6200.9324 -0.386721 
6207.0803 -0.386426 
6213.2281 -0.386104 
6219.3760 -0.385825 
6225.5238 -0.385557 
6231.6717 -0.385235 
6237.8195 -0.384845 
6243.9674 -0.384460 
6250.1152 -0.384141 
6256.2631 -0.383848 
6262.4110 -0.383576 
6268.5588 -0.383368 
6274.7067 -0.383203 
6280.8545 -0.383018 
6287.0024 -0.382773 
6293.1502 -0.382463 
6299.2981 -0.382132 
6305.4459 -0.381801 
6311.5938 -0.381473 
6317.7417 -0.381183 
6323.8895 -0.380944 
6330.0374 -0.380696 
6336.1852 -0.380384 
6342.3331 -0.380063 
6348.4809 -0.379817 
6354.6288 -0.379643 
6360.7767 -0.379509 
6366.9245 -0.379406 
6373.0724 -0.379306 
6379.2202 -0.379164 
6385.3681 -0.378956 
6391.5159 -0.378724 
6397.6638 -0.378522 
6403.8116 -0.378315 
6409.9595 -0.378089 
6416.1074 -0.377863 
6422.2552 -0.377588 
6428.4031 -0.377270 
6434.5509 -0.376992 
6440.6988 -0.376771 
6446.8466 -0.376553 
6452.9945 -0.376267 
6459.1423 -0.375914 
6465.2902 -0.375606 
6471.4381 -0.375352 
6477.5859 -0.375054 
6483.7338 -0.374695 
6489.8816 -0.374338 
6496.0295 -0.374036 
6502.1773 -0.373735 
6508.3252 -0.373358 
6514.4730 -0.372983 
6520.6209 -0.372694 
6526.7688 -0.372441 
6532.9166 -0.372189 
6539.0645 -0.371925 
6545.2123 -0.371614 
6551.3602 -0.371313 
6557.5080 -0.371080 
6563.6559 -0.370858 
6569.8037 -0.370538 
6575.9516 -0.370110 
6582.0995 -0.369701 
6588.2473 -0.369364 
6594.3952 -0.369048 
6600.5430 -0.368775 
6606.6909 -0.368556 
6612.8387 -0.368305 
6618.9866 -0.367989 
6625.1345 -0.367669 
6631.2823 -0.367431 
6637.4302 -0.367291 
6643.5780 -0.367168 
6649.7259 -0.366990 
6655.8737 -0.366710 
6662.0216 -0.366356 
6668.1694 -0.366037 
6674.3173 -0.365751 
6680.4652 -0.365453 
6686.6130 -0.365148 
6692.7609 -0.364781 
6698.9087 -0.364377 
6705.0566 -0.364030 
6711.2044 -0.363705 
6717.3523 -0.363419 
6723.5001 -0.363255 
6729.6480 -0.363092 
6735.7959 -0.362798 
6741.9437 -0.362464 
6748.0916 -0.362234 
6754.2394 -0.362096 
6760.3873 -0.361932 
6766.5351 -0.361694 
6772.6830 -0.361440 
6778.8308 -0.361196 
6784.9787 -0.360929 
6791.1266 -0.360603 
6797.2744 -0.360235 
6803.4223 -0.359916 
6809.5701 -0.359666 
6815.7180 -0.359416 
6821.8658 -0.359173 
6828.0137 -0.358975 
6834.1616 -0.358809 
6840.3094 -0.358651 
6846.4573 -0.358495 
6852.6051 -0.358341 
6858.7530 -0.358149 
6864.9008 -0.357933 
6871.0487 -0.357766 
6877.1965 -0.357583 
6883.3444 -0.357350 
6889.4923 -0.357259 
6895.6401 -0.357365 
6901.7880 -0.357377 
6907.9358 -0.357105 
6914.0837 -0.356768 
6920.2315 -0.356627 
6926.3794 -0.356606 
6932.5272 -0.356599 
6938.6751 -0.356629 
6944.8230 -0.356617 
6950.9708 -0.356541 
6957.1187 -0.356514 
6963.2665 -0.356554 
6969.4144 -0.356661 
6975.5622 -0.356884 
6981.7101 -0.357190 
6987.8579 -0.357515 
6994.0058 -0.357808 
7000.1537 -0.358049 
7006.3015 -0.358240 
7012.4494 -0.358379 
7018.5972 -0.358592 
7024.7451 -0.358959 
7030.8929 -0.359250 
7037.0408 -0.359417 
7043.1887 -0.359825 
7049.3365 -0.360490 
7055.4844 -0.360847 
7061.6322 -0.360652 
7067.7801 -0.360591 
7073.9279 -0.361186 
7080.0758 -0.361647 
7086.2236 -0.361270 
7092.3715 -0.360711 
7098.5194 -0.360624 
7104.6672 -0.360630 
7110.8151 -0.360637 
7116.9629 -0.361230 
7123.1108 -0.361951 
7129.2586 -0.361545 
7135.4065 -0.360611 
7141.5543 -0.360974 
7147.7022 -0.361832 
7153.8501 -0.361270 
7159.9979 -0.360072 
7166.1458 -0.359980 
7172.2936 -0.360472 
7178.4415 -0.361027 
7184.5893 -0.362110 
7190.7372 -0.362816 
7196.8850 -0.362343 
7203.0329 -0.361693 
7209.1808 -0.361277 
7215.3286 -0.360140 
7221.4765 -0.358009 
7227.6243 -0.356008 
7233.7722 -0.355734 
7239.9200 -0.357462 
7246.0679 -0.359868 
7252.2157 -0.361582 
7258.3636 -0.362208 
7264.5115 -0.362246 
7270.6593 -0.362167 
7276.8072 -0.361624 
7282.9550 -0.360299 
7289.1029 -0.358902 
7295.2507 -0.357859 
7301.3986 -0.356906 
7307.5465 -0.356560 
7313.6943 -0.356743 
7319.8422 -0.356388 
7325.9900 -0.355298 
7332.1379 -0.353455 
7338.2857 -0.351847 
7344.4336 -0.352545 
7350.5814 -0.354736 
7356.7293 -0.356337 
7362.8772 -0.356991 
7369.0250 -0.356860 
7375.1729 -0.356610 
7381.3207 -0.357095 
7387.4686 -0.358033 
7393.6164 -0.358900 
7399.7643 -0.359594 
7405.9121 -0.359991 
7412.0600 -0.360216 
7418.2079 -0.360505 
7424.3557 -0.360765 
7430.5036 -0.360874 
7436.6514 -0.360837 
7442.7993 -0.360675 
7448.9471 -0.360477 
7455.0950 -0.360309 
7461.2428 -0.360112 
7467.3907 -0.359807 
7473.5386 -0.359498 
7479.6864 -0.359309 
7485.8343 -0.359173 
7491.9821 -0.359043 
7498.1300 -0.358910 
7504.2778 -0.358656 
7510.4257 -0.358323 
7516.5736 -0.358120 
7522.7214 -0.358093 
7528.8693 -0.358059 
7535.0171 -0.357783 
7541.1650 -0.357295 
7547.3128 -0.356854 
7553.4607 -0.356519 
7559.6085 -0.356195 
7565.7564 -0.355889 
7571.9043 -0.355636 
7578.0521 -0.355463 
7584.2000 -0.355292 
7590.3478 -0.354977 
7596.4957 -0.354617 
7602.6435 -0.354416 
7608.7914 -0.354302 
7614.9392 -0.354052 
7621.0871 -0.353678 
7627.2350 -0.353382 
7633.3828 -0.353175 
7639.5307 -0.352912 
7645.6785 -0.352655 
7651.8264 -0.352435 
7657.9742 -0.352088 
7664.1221 -0.351591 
7670.2699 -0.351061 
7676.4178 -0.350568 
7682.5657 -0.350183 
7688.7135 -0.349893 
7694.8614 -0.349601 
7701.0092 -0.349237 
7707.1571 -0.348807 
7713.3049 -0.348429 
7719.4528 -0.348152 
7725.6007 -0.347885 
7731.7485 -0.347597 
7737.8964 -0.347296 
7744.0442 -0.346996 
7750.1921 -0.346718 
7756.3399 -0.346391 
7762.4878 -0.345975 
7768.6356 -0.345504 
7774.7835 -0.344975 
7780.9314 -0.344469 
7787.0792 -0.344093 
7793.2271 -0.343763 
7799.3749 -0.343358 
7805.5228 -0.342900 
7811.6706 -0.342500 
7817.8185 -0.342175 
7823.9663 -0.341811 
7830.1142 -0.341406 
7836.2621 -0.341034 
7842.4099 -0.340648 
7848.5578 -0.340264 
7854.7056 -0.339951 
7860.8535 -0.339608 
7867.0013 -0.339119 
7873.1492 -0.338520 
7879.2970 -0.337978 
7885.4449 -0.337643 
7891.5928 -0.337417 
7897.7406 -0.337064 
7903.8885 -0.336520 
7910.0363 -0.335916 
7916.1842 -0.335391 
7922.3320 -0.334965 
7928.4799 -0.334566 
7934.6278 -0.334150 
7940.7756 -0.333723 
7946.9235 -0.333348 
7953.0713 -0.333012 
7959.2192 -0.332573 
7965.3670 -0.332032 
7971.5149 -0.331526 
7977.6627 -0.331105 
7983.8106 -0.330759 
7989.9585 -0.330390 
7996.1063 -0.329917 
8002.2542 -0.329450 
8008.4020 -0.329033 
8014.5499 -0.328551 
8020.6977 -0.327963 
8026.8456 -0.327345 
8032.9934 -0.326889 
8039.1413 -0.326665 
8045.2892 -0.326421 
8051.4370 -0.326005 
8057.5849 -0.325540 
8063.7327 -0.325156 
8069.8806 -0.324877 
8076.0284 -0.324545 
8082.1763 -0.324044 
8088.3241 -0.323510 
8094.4720 -0.322967 
8100.6199 -0.322344 
8106.7677 -0.321817 
8112.9156 -0.321474 
8119.0634 -0.321099 
8125.2113 -0.320564 
8131.3591 -0.320003 
8137.5070 -0.319550 
8143.6548 -0.319104 
8149.8027 -0.318504 
8155.9506 -0.317782 
8162.0984 -0.317057 
8168.2463 -0.316400 
8174.3941 -0.315788 
8180.5420 -0.315183 
8186.6898 -0.314739 
8192.8377 -0.314591 
8198.9856 -0.314425 
8205.1334 -0.313843 
8211.2813 -0.312981 
8217.4291 -0.312272 
8223.5770 -0.311822 
8229.7248 -0.311367 
8235.8727 -0.310722 
8242.0205 -0.310035 
8248.1684 -0.309511 
8254.3163 -0.309050 
8260.4641 -0.308446 
8266.6120 -0.307803 
8272.7598 -0.307266 
8278.9077 -0.306729 
8285.0555 -0.306185 
8291.2034 -0.305706 
8297.3512 -0.305115 
8303.4991 -0.304362 
8309.6470 -0.303679 
8315.7948 -0.303127 
8321.9427 -0.302560 
8328.0905 -0.301919 
8334.2384 -0.301347 
8340.3862 -0.301027 
8346.5341 -0.300886 
8352.6819 -0.300686 
8358.8298 -0.300270 
8364.9777 -0.299598 
8371.1255 -0.298791 
8377.2734 -0.298066 
8383.4212 -0.297515 
8389.5691 -0.297040 
8395.7169 -0.296499 
8401.8648 -0.295873 
8408.0127 -0.295186 
8414.1605 -0.294445 
8420.3084 -0.293807 
8426.4562 -0.293369 
8432.6041 -0.292950 
8438.7519 -0.292489 
8444.8998 -0.292051 
8451.0476 -0.291501 
8457.1955 -0.290864 
8463.3434 -0.290398 
8469.4912 -0.290082 
8475.6391 -0.289688 
8481.7869 -0.289130 
8487.9348 -0.288550 
8494.0826 -0.288114 
8500.2305 -0.287769 
8506.3783 -0.287397 
8512.5262 -0.287012 
8518.6741 -0.286656 
8524.8219 -0.286293 
8530.9698 -0.285729 
8537.1176 -0.284923 
8543.2655 -0.284206 
8549.4133 -0.283730 
8555.5612 -0.283287 
8561.7090 -0.282720 
8567.8569 -0.282027 
8574.0048 -0.281325 
8580.1526 -0.280709 
8586.3005 -0.280155 
8592.4483 -0.279718 
8598.5962 -0.279334 
8604.7440 -0.278818 
8610.8919 -0.278258 
8617.0398 -0.277755 
8623.1876 -0.277199 
8629.3355 -0.276499 
8635.4833 -0.275620 
8641.6312 -0.274752 
8647.7790 -0.274086 
8653.9269 -0.273420 
8660.0747 -0.272704 
8666.2226 -0.272197 
8672.3705 -0.271961 
8678.5183 -0.271814 
8684.6662 -0.271365 
8690.8140 -0.270484 
8696.9619 -0.269682 
8703.1097 -0.269133 
8709.2576 -0.268380 
8715.4054 -0.267389 
8721.5533 -0.266479 
8727.7012 -0.265631 
8733.8490 -0.264896 
8739.9969 -0.264574 
8746.1447 -0.264472 
8752.2926 -0.264113 
8758.4404 -0.263578 
8764.5883 -0.263068 
8770.7361 -0.262442 
8776.8840 -0.261788 
8783.0319 -0.261262 
8789.1797 -0.260449 
8795.3276 -0.258845 
8801.4754 -0.256672 
8807.6233 -0.255141 
8813.7711 -0.255269 
8819.9190 -0.256226 
8826.0668 -0.256565 
8832.2147 -0.256087 
8838.3626 -0.255064 
8844.5104 -0.253596 
8850.6583 -0.252150 
8856.8061 -0.251309 
8862.9540 -0.250972 
8869.1018 -0.250355 
8875.2497 -0.249158 
8881.3976 -0.248096 
8887.5454 -0.247503 
8893.6933 -0.246790 
8899.8411 -0.245685 
8905.9890 -0.244790 
8912.1368 -0.244599 
8918.2847 -0.244467 
8924.4325 -0.243737 
8930.5804 -0.242920 
8936.7283 -0.242433 
8942.8761 -0.242026 
8949.0240 -0.241701 
8955.1718 -0.241458 
8961.3197 -0.240909 
8967.4675 -0.240031 
8973.6154 -0.239397 
8979.7632 -0.239218 
8985.9111 -0.238844 
8992.0590 -0.237804 
8998.2068 -0.236570 
9004.3547 -0.235696 
9010.5025 -0.235238 
9016.6504 -0.235010 
9022.7982 -0.234535 
9028.9461 -0.233488 
9035.0939 -0.232299 
9041.2418 -0.231599 
9047.3897 -0.231356 
9053.5375 -0.230823 
9059.6854 -0.229582 
9065.8332 -0.228176 
9071.9811 -0.227225 
9078.1289 -0.226703 
9084.2768 -0.226136 
9090.4247 -0.225204 
9096.5725 -0.224157 
9102.7204 -0.223222 
9108.8682 -0.222214 
9115.0161 -0.221180 
9121.1639 -0.220316 
9127.3118 -0.219448 
9133.4596 -0.218478 
9139.6075 -0.217551 
9145.7554 -0.216614 
9151.9032 -0.215501 
9158.0511 -0.214340 
9164.1989 -0.213504 
9170.3468 -0.213034 
9176.4946 -0.212597 
9182.6425 -0.211956 
9188.7903 -0.211049 
9194.9382 -0.209984 
9201.0861 -0.208815 
9207.2339 -0.207275 
9213.3818 -0.205506 
9219.5296 -0.204196 
9225.6775 -0.203507 
9231.8253 -0.202969 
9237.9732 -0.202106 
9244.1210 -0.200949 
9250.2689 -0.200151 
9256.4168 -0.199891 
9262.5646 -0.199518 
9268.7125 -0.198778 
9274.8603 -0.197909 
9281.0082 -0.196851 
9287.1560 -0.195478 
9293.3039 -0.194049 
9299.4518 -0.192881 
9305.5996 -0.191904 
9311.7475 -0.190855 
9317.8953 -0.189757 
9324.0432 -0.188719 
9330.1910 -0.187577 
9336.3389 -0.186061 
9342.4867 -0.184202 
9348.6346 -0.182630 
9354.7825 -0.181890 
9360.9303 -0.181624 
9367.0782 -0.181192 
9373.2260 -0.180185 
9379.3739 -0.178483 
9385.5217 -0.176735 
9391.6696 -0.175669 
9397.8174 -0.175200 
9403.9653 -0.174961 
9410.1132 -0.174457 
9416.2610 -0.173170 
9422.4089 -0.171449 
9428.5567 -0.170058 
9434.7046 -0.168905 
9440.8524 -0.167592 
9447.0003 -0.166364 
9453.1481 -0.165412 
9459.2960 -0.164410 
9465.4439 -0.163332 
9471.5917 -0.162467 
9477.7396 -0.161747 
9483.8874 -0.160904 
9490.0353 -0.159751 
9496.1831 -0.158332 
9502.3310 -0.157071 
9508.4789 -0.156147 
9514.6267 -0.155230 
9520.7746 -0.154236 
9526.9224 -0.153265 
9533.0703 -0.152017 
9539.2181 -0.150114 
9545.3660 -0.147816 
9551.5138 -0.146075 
9557.6617 -0.145312 
9563.8096 -0.144721 
9569.9574 -0.143616 
9576.1053 -0.142116 
9582.2531 -0.140346 
9588.4010 -0.138437 
9594.5488 -0.136820 
9600.6967 -0.135889 
9606.8445 -0.135466 
9612.9924 -0.134624 
9619.1403 -0.132828 
9625.2881 -0.130865 
9631.4360 -0.129562 
9637.5838 -0.128590 
9643.7317 -0.127361 
9649.8795 -0.126042 
9656.0274 -0.125122 
9662.1752 -0.124462 
9668.3231 -0.123334 
9674.4710 -0.121304 
9680.6188 -0.118964 
9686.7667 -0.117470 
9692.9145 -0.116732 
9699.0624 -0.115379 
9705.2102 -0.113280 
9711.3581 -0.111668 
9717.5059 -0.110928 
9723.6538 -0.110341 
9729.8017 -0.109287 
9735.9495 -0.107950 
9742.0974 -0.106886 
9748.2452 -0.105972 
9754.3931 -0.104669 
9760.5409 -0.102908 
9766.6888 -0.101212 
9772.8367 -0.100055 
9778.9845 -0.098849 
9785.1324 -0.096867 
9791.2802 -0.094744 
9797.4281 -0.092940 
9803.5759 -0.090952 
9809.7238 -0.088881 
9815.8716 -0.087050 
9822.0195 -0.085287 
9828.1674 -0.083684 
9834.3152 -0.082419 
9840.4631 -0.081225 
9846.6109 -0.079635 
9852.7588 -0.077681 
9858.9066 -0.075967 
9865.0545 -0.074396 
9871.2023 -0.072222 
9877.3502 -0.069860 
9883.4981 -0.068395 
9889.6459 -0.067739 
9895.7938 -0.066971 
9901.9416 -0.065549 
9908.0895 -0.063644 
9914.2373 -0.061687 
9920.3852 -0.059974 
9926.5330 -0.058522 
9932.6809 -0.056802 
9938.8288 -0.054316 
9944.9766 -0.051535 
9951.1245 -0.049477 
9957.2723 -0.048507 
9963.4202 -0.047783 
9969.5680 -0.046517 
9975.7159 -0.045380 
9981.8638 -0.044751 
9988.0116 -0.046944 
