#时间: 20240828 112607
#方向: 正向
#光源电流: 0.002930
#干涉仪温度: 28.010000
#干涉仪湿度: 55.218025
#激光波长: 790.553682
#动镜速度: 10k
#增益: Default
#累积帧数: 16
#校正: 功率谱
#XUnit: cm-1
4000.0000 -0.224175 
4006.1479 -0.224711 
4012.2957 -0.225570 
4018.4436 -0.227099 
4024.5914 -0.229391 
4030.7393 -0.232060 
4036.8871 -0.234802 
4043.0350 -0.237928 
4049.1828 -0.241717 
4055.3307 -0.245847 
4061.4786 -0.250096 
4067.6264 -0.254631 
4073.7743 -0.259499 
4079.9221 -0.264638 
4086.0700 -0.269984 
4092.2178 -0.275332 
4098.3657 -0.280467 
4104.5135 -0.285202 
4110.6614 -0.289357 
4116.8093 -0.292916 
4122.9571 -0.295923 
4129.1050 -0.298370 
4135.2528 -0.300346 
4141.4007 -0.301949 
4147.5485 -0.303174 
4153.6964 -0.304032 
4159.8443 -0.304557 
4165.9921 -0.304765 
4172.1400 -0.304725 
4178.2878 -0.304552 
4184.4357 -0.304303 
4190.5835 -0.303905 
4196.7314 -0.303236 
4202.8792 -0.302251 
4209.0271 -0.300991 
4215.1750 -0.299510 
4221.3228 -0.297892 
4227.4707 -0.296237 
4233.6185 -0.294550 
4239.7664 -0.292737 
4245.9142 -0.290805 
4252.0621 -0.289052 
4258.2099 -0.287876 
4264.3578 -0.287364 
4270.5057 -0.287239 
4276.6535 -0.287152 
4282.8014 -0.286901 
4288.9492 -0.286459 
4295.0971 -0.285803 
4301.2449 -0.284814 
4307.3928 -0.283419 
4313.5406 -0.281699 
4319.6885 -0.279928 
4325.8364 -0.278545 
4331.9842 -0.277888 
4338.1321 -0.277884 
4344.2799 -0.278222 
4350.4278 -0.278771 
4356.5756 -0.279644 
4362.7235 -0.280946 
4368.8714 -0.282605 
4375.0192 -0.284376 
4381.1671 -0.285996 
4387.3149 -0.287399 
4393.4628 -0.288783 
4399.6106 -0.290431 
4405.7585 -0.292485 
4411.9063 -0.294943 
4418.0542 -0.297870 
4424.2021 -0.301389 
4430.3499 -0.305448 
4436.4978 -0.309823 
4442.6456 -0.314273 
4448.7935 -0.318563 
4454.9413 -0.322483 
4461.0892 -0.325902 
4467.2370 -0.328736 
4473.3849 -0.330935 
4479.5328 -0.332503 
4485.6806 -0.333471 
4491.8285 -0.333900 
4497.9763 -0.333876 
4504.1242 -0.333473 
4510.2720 -0.332790 
4516.4199 -0.331984 
4522.5677 -0.331194 
4528.7156 -0.330435 
4534.8635 -0.329640 
4541.0113 -0.328781 
4547.1592 -0.327870 
4553.3070 -0.326901 
4559.4549 -0.325885 
4565.6027 -0.324853 
4571.7506 -0.323834 
4577.8985 -0.322922 
4584.0463 -0.322232 
4590.1942 -0.321799 
4596.3420 -0.321613 
4602.4899 -0.321742 
4608.6377 -0.322318 
4614.7856 -0.323396 
4620.9334 -0.324855 
4627.0813 -0.326492 
4633.2292 -0.328191 
4639.3770 -0.329905 
4645.5249 -0.331543 
4651.6727 -0.333002 
4657.8206 -0.334280 
4663.9684 -0.335503 
4670.1163 -0.336744 
4676.2641 -0.337921 
4682.4120 -0.338896 
4688.5599 -0.339573 
4694.7077 -0.339940 
4700.8556 -0.340084 
4707.0034 -0.340108 
4713.1513 -0.340068 
4719.2991 -0.340027 
4725.4470 -0.340050 
4731.5948 -0.340127 
4737.7427 -0.340187 
4743.8906 -0.340204 
4750.0384 -0.340248 
4756.1863 -0.340377 
4762.3341 -0.340551 
4768.4820 -0.340696 
4774.6298 -0.340771 
4780.7777 -0.340799 
4786.9256 -0.340790 
4793.0734 -0.340664 
4799.2213 -0.340377 
4805.3691 -0.339974 
4811.5170 -0.339461 
4817.6648 -0.338803 
4823.8127 -0.338018 
4829.9605 -0.337133 
4836.1084 -0.336211 
4842.2563 -0.335405 
4848.4041 -0.334899 
4854.5520 -0.334838 
4860.6998 -0.335322 
4866.8477 -0.336411 
4872.9955 -0.338110 
4879.1434 -0.340302 
4885.2912 -0.342796 
4891.4391 -0.345453 
4897.5870 -0.348122 
4903.7348 -0.350638 
4909.8827 -0.352943 
4916.0305 -0.355041 
4922.1784 -0.356914 
4928.3262 -0.358580 
4934.4741 -0.360065 
4940.6219 -0.361330 
4946.7698 -0.362317 
4952.9177 -0.363045 
4959.0655 -0.363590 
4965.2134 -0.363983 
4971.3612 -0.364201 
4977.5091 -0.364241 
4983.6569 -0.364123 
4989.8048 -0.363852 
4995.9526 -0.363434 
5002.1005 -0.362911 
5008.2484 -0.362331 
5014.3962 -0.361684 
5020.5441 -0.360961 
5026.6919 -0.360238 
5032.8398 -0.359554 
5038.9876 -0.358849 
5045.1355 -0.358100 
5051.2834 -0.357344 
5057.4312 -0.356620 
5063.5791 -0.355939 
5069.7269 -0.355259 
5075.8748 -0.354540 
5082.0226 -0.353757 
5088.1705 -0.352879 
5094.3183 -0.351963 
5100.4662 -0.351089 
5106.6141 -0.350237 
5112.7619 -0.349341 
5118.9098 -0.348302 
5125.0576 -0.347041 
5131.2055 -0.345678 
5137.3533 -0.344327 
5143.5012 -0.342892 
5149.6490 -0.341504 
5155.7969 -0.340572 
5161.9448 -0.340109 
5168.0926 -0.339690 
5174.2405 -0.339157 
5180.3883 -0.338855 
5186.5362 -0.339056 
5192.6840 -0.339532 
5198.8319 -0.340282 
5204.9797 -0.341753 
5211.1276 -0.343491 
5217.2755 -0.344938 
5223.4233 -0.347137 
5229.5712 -0.350519 
5235.7190 -0.353672 
5241.8669 -0.356366 
5248.0147 -0.359571 
5254.1626 -0.363221 
5260.3105 -0.367307 
5266.4583 -0.371825 
5272.6062 -0.375426 
5278.7540 -0.377569 
5284.9019 -0.379463 
5291.0497 -0.381712 
5297.1976 -0.383669 
5303.3454 -0.385105 
5309.4933 -0.386149 
5315.6412 -0.386505 
5321.7890 -0.385983 
5327.9369 -0.384906 
5334.0847 -0.383789 
5340.2326 -0.383142 
5346.3804 -0.383556 
5352.5283 -0.385093 
5358.6761 -0.386685 
5364.8240 -0.387341 
5370.9719 -0.387258 
5377.1197 -0.387005 
5383.2676 -0.386712 
5389.4154 -0.386534 
5395.5633 -0.386369 
5401.7111 -0.385939 
5407.8590 -0.385853 
5414.0068 -0.386220 
5420.1547 -0.385870 
5426.3026 -0.384534 
5432.4504 -0.382929 
5438.5983 -0.382002 
5444.7461 -0.382519 
5450.8940 -0.383811 
5457.0418 -0.384548 
5463.1897 -0.384616 
5469.3376 -0.384717 
5475.4854 -0.384788 
5481.6333 -0.384366 
5487.7811 -0.383949 
5493.9290 -0.384148 
5500.0768 -0.384513 
5506.2247 -0.384607 
5512.3725 -0.384662 
5518.5204 -0.384775 
5524.6683 -0.384735 
5530.8161 -0.384599 
5536.9640 -0.384531 
5543.1118 -0.384498 
5549.2597 -0.384535 
5555.4075 -0.384709 
5561.5554 -0.384894 
5567.7032 -0.384979 
5573.8511 -0.385013 
5579.9990 -0.385030 
5586.1468 -0.384969 
5592.2947 -0.384829 
5598.4425 -0.384684 
5604.5904 -0.384549 
5610.7382 -0.384379 
5616.8861 -0.384171 
5623.0339 -0.383962 
5629.1818 -0.383766 
5635.3297 -0.383562 
5641.4775 -0.383327 
5647.6254 -0.383041 
5653.7732 -0.382670 
5659.9211 -0.382226 
5666.0689 -0.381810 
5672.2168 -0.381493 
5678.3646 -0.381219 
5684.5125 -0.380903 
5690.6604 -0.380561 
5696.8082 -0.380254 
5702.9561 -0.379983 
5709.1039 -0.379718 
5715.2518 -0.379465 
5721.3996 -0.379251 
5727.5475 -0.379068 
5733.6954 -0.378875 
5739.8432 -0.378669 
5745.9911 -0.378494 
5752.1389 -0.378358 
5758.2868 -0.378236 
5764.4346 -0.378133 
5770.5825 -0.378054 
5776.7303 -0.378004 
5782.8782 -0.378043 
5789.0261 -0.378207 
5795.1739 -0.378437 
5801.3218 -0.378638 
5807.4696 -0.378770 
5813.6175 -0.378858 
5819.7653 -0.378928 
5825.9132 -0.378981 
5832.0610 -0.379031 
5838.2089 -0.379095 
5844.3568 -0.379182 
5850.5046 -0.379293 
5856.6525 -0.379400 
5862.8003 -0.379498 
5868.9482 -0.379651 
5875.0960 -0.379911 
5881.2439 -0.380236 
5887.3917 -0.380539 
5893.5396 -0.380824 
5899.6875 -0.381193 
5905.8353 -0.381698 
5911.9832 -0.382325 
5918.1310 -0.383033 
5924.2789 -0.383744 
5930.4267 -0.384399 
5936.5746 -0.384998 
5942.7225 -0.385557 
5948.8703 -0.386097 
5955.0182 -0.386633 
5961.1660 -0.387181 
5967.3139 -0.387730 
5973.4617 -0.388232 
5979.6096 -0.388632 
5985.7574 -0.388950 
5991.9053 -0.389233 
5998.0532 -0.389480 
6004.2010 -0.389663 
6010.3489 -0.389797 
6016.4967 -0.389931 
6022.6446 -0.390096 
6028.7924 -0.390252 
6034.9403 -0.390353 
6041.0881 -0.390379 
6047.2360 -0.390329 
6053.3839 -0.390234 
6059.5317 -0.390134 
6065.6796 -0.390036 
6071.8274 -0.389915 
6077.9753 -0.389763 
6084.1231 -0.389621 
6090.2710 -0.389538 
6096.4188 -0.389497 
6102.5667 -0.389430 
6108.7146 -0.389298 
6114.8624 -0.389139 
6121.0103 -0.388997 
6127.1581 -0.388851 
6133.3060 -0.388681 
6139.4538 -0.388537 
6145.6017 -0.388407 
6151.7496 -0.388228 
6157.8974 -0.388032 
6164.0453 -0.387895 
6170.1931 -0.387823 
6176.3410 -0.387766 
6182.4888 -0.387690 
6188.6367 -0.387626 
6194.7845 -0.387585 
6200.9324 -0.387488 
6207.0803 -0.387318 
6213.2281 -0.387146 
6219.3760 -0.387011 
6225.5238 -0.386903 
6231.6717 -0.386795 
6237.8195 -0.386678 
6243.9674 -0.386552 
6250.1152 -0.386382 
6256.2631 -0.386168 
6262.4110 -0.385952 
6268.5588 -0.385747 
6274.7067 -0.385544 
6280.8545 -0.385354 
6287.0024 -0.385172 
6293.1502 -0.384988 
6299.2981 -0.384794 
6305.4459 -0.384589 
6311.5938 -0.384403 
6317.7417 -0.384276 
6323.8895 -0.384197 
6330.0374 -0.384125 
6336.1852 -0.384032 
6342.3331 -0.383929 
6348.4809 -0.383872 
6354.6288 -0.383886 
6360.7767 -0.383928 
6366.9245 -0.383959 
6373.0724 -0.383979 
6379.2202 -0.383999 
6385.3681 -0.383997 
6391.5159 -0.383950 
6397.6638 -0.383871 
6403.8116 -0.383763 
6409.9595 -0.383623 
6416.1074 -0.383470 
6422.2552 -0.383324 
6428.4031 -0.383192 
6434.5509 -0.383073 
6440.6988 -0.382968 
6446.8466 -0.382864 
6452.9945 -0.382718 
6459.1423 -0.382501 
6465.2902 -0.382256 
6471.4381 -0.382043 
6477.5859 -0.381890 
6483.7338 -0.381786 
6489.8816 -0.381687 
6496.0295 -0.381596 
6502.1773 -0.381527 
6508.3252 -0.381441 
6514.4730 -0.381307 
6520.6209 -0.381125 
6526.7688 -0.380907 
6532.9166 -0.380682 
6539.0645 -0.380481 
6545.2123 -0.380308 
6551.3602 -0.380168 
6557.5080 -0.380058 
6563.6559 -0.379943 
6569.8037 -0.379773 
6575.9516 -0.379555 
6582.0995 -0.379338 
6588.2473 -0.379147 
6594.3952 -0.378971 
6600.5430 -0.378820 
6606.6909 -0.378690 
6612.8387 -0.378565 
6618.9866 -0.378460 
6625.1345 -0.378383 
6631.2823 -0.378307 
6637.4302 -0.378221 
6643.5780 -0.378125 
6649.7259 -0.378014 
6655.8737 -0.377912 
6662.0216 -0.377837 
6668.1694 -0.377753 
6674.3173 -0.377597 
6680.4652 -0.377370 
6686.6130 -0.377148 
6692.7609 -0.376980 
6698.9087 -0.376862 
6705.0566 -0.376812 
6711.2044 -0.376824 
6717.3523 -0.376845 
6723.5001 -0.376874 
6729.6480 -0.376941 
6735.7959 -0.376998 
6741.9437 -0.376950 
6748.0916 -0.376796 
6754.2394 -0.376644 
6760.3873 -0.376588 
6766.5351 -0.376623 
6772.6830 -0.376641 
6778.8308 -0.376527 
6784.9787 -0.376271 
6791.1266 -0.375995 
6797.2744 -0.375861 
6803.4223 -0.375907 
6809.5701 -0.376003 
6815.7180 -0.376026 
6821.8658 -0.375985 
6828.0137 -0.375934 
6834.1616 -0.375868 
6840.3094 -0.375806 
6846.4573 -0.375815 
6852.6051 -0.375883 
6858.7530 -0.375903 
6864.9008 -0.375825 
6871.0487 -0.375694 
6877.1965 -0.375556 
6883.3444 -0.375451 
6889.4923 -0.375475 
6895.6401 -0.375631 
6901.7880 -0.375677 
6907.9358 -0.375512 
6914.0837 -0.375437 
6920.2315 -0.375664 
6926.3794 -0.376022 
6932.5272 -0.376309 
6938.6751 -0.376508 
6944.8230 -0.376715 
6950.9708 -0.377033 
6957.1187 -0.377419 
6963.2665 -0.377705 
6969.4144 -0.377846 
6975.5622 -0.378007 
6981.7101 -0.378364 
6987.8579 -0.378887 
6994.0058 -0.379440 
7000.1537 -0.379966 
7006.3015 -0.380411 
7012.4494 -0.380746 
7018.5972 -0.381144 
7024.7451 -0.381732 
7030.8929 -0.382242 
7037.0408 -0.382450 
7043.1887 -0.382705 
7049.3365 -0.383330 
7055.4844 -0.383860 
7061.6322 -0.383899 
7067.7801 -0.384090 
7073.9279 -0.384952 
7080.0758 -0.385682 
7086.2236 -0.385563 
7092.3715 -0.385232 
7098.5194 -0.385459 
7104.6672 -0.386066 
7110.8151 -0.386824 
7116.9629 -0.387801 
7123.1108 -0.388587 
7129.2586 -0.388665 
7135.4065 -0.388516 
7141.5543 -0.388997 
7147.7022 -0.389627 
7153.8501 -0.389570 
7159.9979 -0.389246 
7166.1458 -0.389169 
7172.2936 -0.388981 
7178.4415 -0.388919 
7184.5893 -0.389658 
7190.7372 -0.390492 
7196.8850 -0.390443 
7203.0329 -0.390070 
7209.1808 -0.390152 
7215.3286 -0.390167 
7221.4765 -0.389361 
7227.6243 -0.387963 
7233.7722 -0.387302 
7239.9200 -0.388429 
7246.0679 -0.390570 
7252.2157 -0.392137 
7258.3636 -0.392548 
7264.5115 -0.392322 
7270.6593 -0.392019 
7276.8072 -0.391616 
7282.9550 -0.391018 
7289.1029 -0.390704 
7295.2507 -0.390989 
7301.3986 -0.391160 
7307.5465 -0.390585 
7313.6943 -0.389584 
7319.8422 -0.388686 
7325.9900 -0.388291 
7332.1379 -0.388233 
7338.2857 -0.387977 
7344.4336 -0.387985 
7350.5814 -0.388740 
7356.7293 -0.389805 
7362.8772 -0.390694 
7369.0250 -0.390981 
7375.1729 -0.390788 
7381.3207 -0.391008 
7387.4686 -0.391931 
7393.6164 -0.393026 
7399.7643 -0.393904 
7405.9121 -0.394402 
7412.0600 -0.394641 
7418.2079 -0.394993 
7424.3557 -0.395458 
7430.5036 -0.395750 
7436.6514 -0.395918 
7442.7993 -0.396147 
7448.9471 -0.396402 
7455.0950 -0.396542 
7461.2428 -0.396516 
7467.3907 -0.396438 
7473.5386 -0.396442 
7479.6864 -0.396494 
7485.8343 -0.396511 
7491.9821 -0.396515 
7498.1300 -0.396555 
7504.2778 -0.396598 
7510.4257 -0.396584 
7516.5736 -0.396523 
7522.7214 -0.396475 
7528.8693 -0.396513 
7535.0171 -0.396650 
7541.1650 -0.396792 
7547.3128 -0.396852 
7553.4607 -0.396837 
7559.6085 -0.396770 
7565.7564 -0.396660 
7571.9043 -0.396551 
7578.0521 -0.396506 
7584.2000 -0.396509 
7590.3478 -0.396487 
7596.4957 -0.396459 
7602.6435 -0.396471 
7608.7914 -0.396443 
7614.9392 -0.396341 
7621.0871 -0.396255 
7627.2350 -0.396223 
7633.3828 -0.396230 
7639.5307 -0.396267 
7645.6785 -0.396295 
7651.8264 -0.396278 
7657.9742 -0.396211 
7664.1221 -0.396129 
7670.2699 -0.396116 
7676.4178 -0.396181 
7682.5657 -0.396212 
7688.7135 -0.396156 
7694.8614 -0.396071 
7701.0092 -0.396011 
7707.1571 -0.395964 
7713.3049 -0.395851 
7719.4528 -0.395621 
7725.6007 -0.395354 
7731.7485 -0.395186 
7737.8964 -0.395170 
7744.0442 -0.395254 
7750.1921 -0.395349 
7756.3399 -0.395396 
7762.4878 -0.395396 
7768.6356 -0.395363 
7774.7835 -0.395270 
7780.9314 -0.395132 
7787.0792 -0.395035 
7793.2271 -0.394965 
7799.3749 -0.394854 
7805.5228 -0.394744 
7811.6706 -0.394706 
7817.8185 -0.394725 
7823.9663 -0.394742 
7830.1142 -0.394717 
7836.2621 -0.394675 
7842.4099 -0.394645 
7848.5578 -0.394611 
7854.7056 -0.394576 
7860.8535 -0.394569 
7867.0013 -0.394572 
7873.1492 -0.394561 
7879.2970 -0.394567 
7885.4449 -0.394596 
7891.5928 -0.394589 
7897.7406 -0.394508 
7903.8885 -0.394400 
7910.0363 -0.394313 
7916.1842 -0.394246 
7922.3320 -0.394187 
7928.4799 -0.394128 
7934.6278 -0.394071 
7940.7756 -0.394036 
7946.9235 -0.394003 
7953.0713 -0.393941 
7959.2192 -0.393900 
7965.3670 -0.393911 
7971.5149 -0.393930 
7977.6627 -0.393948 
7983.8106 -0.393958 
7989.9585 -0.393872 
7996.1063 -0.393690 
8002.2542 -0.393543 
8008.4020 -0.393493 
8014.5499 -0.393480 
8020.6977 -0.393428 
8026.8456 -0.393339 
8032.9934 -0.393274 
8039.1413 -0.393243 
8045.2892 -0.393175 
8051.4370 -0.393032 
8057.5849 -0.392867 
8063.7327 -0.392730 
8069.8806 -0.392616 
8076.0284 -0.392511 
8082.1763 -0.392401 
8088.3241 -0.392298 
8094.4720 -0.392234 
8100.6199 -0.392188 
8106.7677 -0.392115 
8112.9156 -0.392017 
8119.0634 -0.391878 
8125.2113 -0.391719 
8131.3591 -0.391625 
8137.5070 -0.391573 
8143.6548 -0.391504 
8149.8027 -0.391512 
8155.9506 -0.391611 
8162.0984 -0.391623 
8168.2463 -0.391476 
8174.3941 -0.391321 
8180.5420 -0.391286 
8186.6898 -0.391302 
8192.8377 -0.391273 
8198.9856 -0.391235 
8205.1334 -0.391183 
8211.2813 -0.391046 
8217.4291 -0.390858 
8223.5770 -0.390675 
8229.7248 -0.390499 
8235.8727 -0.390354 
8242.0205 -0.390247 
8248.1684 -0.390163 
8254.3163 -0.390109 
8260.4641 -0.390070 
8266.6120 -0.390032 
8272.7598 -0.389998 
8278.9077 -0.389946 
8285.0555 -0.389870 
8291.2034 -0.389787 
8297.3512 -0.389667 
8303.4991 -0.389512 
8309.6470 -0.389398 
8315.7948 -0.389329 
8321.9427 -0.389263 
8328.0905 -0.389251 
8334.2384 -0.389322 
8340.3862 -0.389351 
8346.5341 -0.389231 
8352.6819 -0.389058 
8358.8298 -0.388980 
8364.9777 -0.388962 
8371.1255 -0.388898 
8377.2734 -0.388807 
8383.4212 -0.388745 
8389.5691 -0.388708 
8395.7169 -0.388681 
8401.8648 -0.388695 
8408.0127 -0.388786 
8414.1605 -0.388890 
8420.3084 -0.388940 
8426.4562 -0.388980 
8432.6041 -0.389049 
8438.7519 -0.389059 
8444.8998 -0.388951 
8451.0476 -0.388860 
8457.1955 -0.388914 
8463.3434 -0.388988 
8469.4912 -0.388986 
8475.6391 -0.389002 
8481.7869 -0.389049 
8487.9348 -0.389099 
8494.0826 -0.389270 
8500.2305 -0.389569 
8506.3783 -0.389826 
8512.5262 -0.389924 
8518.6741 -0.389870 
8524.8219 -0.389760 
8530.9698 -0.389710 
8537.1176 -0.389753 
8543.2655 -0.389781 
8549.4133 -0.389687 
8555.5612 -0.389555 
8561.7090 -0.389509 
8567.8569 -0.389491 
8574.0048 -0.389468 
8580.1526 -0.389553 
8586.3005 -0.389757 
8592.4483 -0.389952 
8598.5962 -0.390052 
8604.7440 -0.390092 
8610.8919 -0.390144 
8617.0398 -0.390158 
8623.1876 -0.390107 
8629.3355 -0.390130 
8635.4833 -0.390256 
8641.6312 -0.390330 
8647.7790 -0.390339 
8653.9269 -0.390389 
8660.0747 -0.390472 
8666.2226 -0.390462 
8672.3705 -0.390330 
8678.5183 -0.390181 
8684.6662 -0.390004 
8690.8140 -0.389771 
8696.9619 -0.389694 
8703.1097 -0.389827 
8709.2576 -0.389904 
8715.4054 -0.389859 
8721.5533 -0.389857 
8727.7012 -0.389928 
8733.8490 -0.390033 
8739.9969 -0.390206 
8746.1447 -0.390371 
8752.2926 -0.390360 
8758.4404 -0.390252 
8764.5883 -0.390265 
8770.7361 -0.390358 
8776.8840 -0.390394 
8783.0319 -0.390445 
8789.1797 -0.390563 
8795.3276 -0.390522 
8801.4754 -0.390094 
8807.6233 -0.389513 
8813.7711 -0.389403 
8819.9190 -0.389925 
8826.0668 -0.390524 
8832.2147 -0.390825 
8838.3626 -0.390882 
8844.5104 -0.390732 
8850.6583 -0.390439 
8856.8061 -0.390244 
8862.9540 -0.390335 
8869.1018 -0.390606 
8875.2497 -0.390722 
8881.3976 -0.390607 
8887.5454 -0.390467 
8893.6933 -0.390312 
8899.8411 -0.390094 
8905.9890 -0.389953 
8912.1368 -0.389941 
8918.2847 -0.389932 
8924.4325 -0.389895 
8930.5804 -0.389966 
8936.7283 -0.390132 
8942.8761 -0.390163 
8949.0240 -0.390057 
8955.1718 -0.390060 
8961.3197 -0.390158 
8967.4675 -0.390175 
8973.6154 -0.390167 
8979.7632 -0.390266 
8985.9111 -0.390457 
8992.0590 -0.390623 
8998.2068 -0.390677 
9004.3547 -0.390617 
9010.5025 -0.390515 
9016.6504 -0.390458 
9022.7982 -0.390429 
9028.9461 -0.390305 
9035.0939 -0.390190 
9041.2418 -0.390341 
9047.3897 -0.390639 
9053.5375 -0.390778 
9059.6854 -0.390758 
9065.8332 -0.390681 
9071.9811 -0.390564 
9078.1289 -0.390397 
9084.2768 -0.390173 
9090.4247 -0.389935 
9096.5725 -0.389738 
9102.7204 -0.389674 
9108.8682 -0.389850 
9115.0161 -0.390136 
9121.1639 -0.390223 
9127.3118 -0.390016 
9133.4596 -0.389685 
9139.6075 -0.389493 
9145.7554 -0.389592 
9151.9032 -0.389753 
9158.0511 -0.389605 
9164.1989 -0.389229 
9170.3468 -0.388999 
9176.4946 -0.388950 
9182.6425 -0.388902 
9188.7903 -0.388952 
9194.9382 -0.389218 
9201.0861 -0.389422 
9207.2339 -0.389333 
9213.3818 -0.389119 
9219.5296 -0.388937 
9225.6775 -0.388788 
9231.8253 -0.388685 
9237.9732 -0.388610 
9244.1210 -0.388558 
9250.2689 -0.388623 
9256.4168 -0.388784 
9262.5646 -0.388808 
9268.7125 -0.388575 
9274.8603 -0.388354 
9281.0082 -0.388446 
9287.1560 -0.388684 
9293.3039 -0.388781 
9299.4518 -0.388810 
9305.5996 -0.388813 
9311.7475 -0.388678 
9317.8953 -0.388500 
9324.0432 -0.388370 
9330.1910 -0.388215 
9336.3389 -0.388067 
9342.4867 -0.387987 
9348.6346 -0.387959 
9354.7825 -0.388003 
9360.9303 -0.388106 
9367.0782 -0.388149 
9373.2260 -0.388051 
9379.3739 -0.387889 
9385.5217 -0.387703 
9391.6696 -0.387418 
9397.8174 -0.387114 
9403.9653 -0.387044 
9410.1132 -0.387293 
9416.2610 -0.387622 
9422.4089 -0.387691 
9428.5567 -0.387544 
9434.7046 -0.387550 
9440.8524 -0.387676 
9447.0003 -0.387513 
9453.1481 -0.387004 
9459.2960 -0.386463 
9465.4439 -0.386185 
9471.5917 -0.386270 
9477.7396 -0.386539 
9483.8874 -0.386774 
9490.0353 -0.386917 
9496.1831 -0.386848 
9502.3310 -0.386488 
9508.4789 -0.386096 
9514.6267 -0.385986 
9520.7746 -0.386105 
9526.9224 -0.386224 
9533.0703 -0.386277 
9539.2181 -0.386215 
9545.3660 -0.385999 
9551.5138 -0.385936 
9557.6617 -0.386216 
9563.8096 -0.386491 
9569.9574 -0.386587 
9576.1053 -0.386701 
9582.2531 -0.386704 
9588.4010 -0.386339 
9594.5488 -0.385883 
9600.6967 -0.385740 
9606.8445 -0.385854 
9612.9924 -0.385909 
9619.1403 -0.385682 
9625.2881 -0.385240 
9631.4360 -0.384883 
9637.5838 -0.384749 
9643.7317 -0.384698 
9649.8795 -0.384638 
9656.0274 -0.384675 
9662.1752 -0.384858 
9668.3231 -0.384981 
9674.4710 -0.384864 
9680.6188 -0.384579 
9686.7667 -0.384265 
9692.9145 -0.383953 
9699.0624 -0.383590 
9705.2102 -0.383217 
9711.3581 -0.383004 
9717.5059 -0.383055 
9723.6538 -0.383344 
9729.8017 -0.383627 
9735.9495 -0.383568 
9742.0974 -0.383270 
9748.2452 -0.383097 
9754.3931 -0.383022 
9760.5409 -0.382833 
9766.6888 -0.382596 
9772.8367 -0.382398 
9778.9845 -0.382224 
9785.1324 -0.382184 
9791.2802 -0.382288 
9797.4281 -0.382230 
9803.5759 -0.381983 
9809.7238 -0.381969 
9815.8716 -0.382123 
9822.0195 -0.382006 
9828.1674 -0.381855 
9834.3152 -0.382050 
9840.4631 -0.382201 
9846.6109 -0.381955 
9852.7588 -0.381573 
9858.9066 -0.381275 
9865.0545 -0.381048 
9871.2023 -0.380865 
9877.3502 -0.380786 
9883.4981 -0.380935 
9889.6459 -0.381274 
9895.7938 -0.381675 
9901.9416 -0.381973 
9908.0895 -0.382004 
9914.2373 -0.381969 
9920.3852 -0.382100 
9926.5330 -0.382326 
9932.6809 -0.382527 
9938.8288 -0.382407 
9944.9766 -0.381851 
9951.1245 -0.381235 
9957.2723 -0.380672 
9963.4202 -0.380115 
9969.5680 -0.379852 
9975.7159 -0.379963 
9981.8638 -0.380144 
9988.0116 -0.381930 
